
X_test					Result

[[1453.93   567.64 ]	[[1596.42  443.39]
 [ 834.552  319.877]	 [ 735.82  297.23]
 [ 139.75   557.7  ]	 [ 132.03  701.36]
 [ 522.84   332.17 ]	 [ 455.21  279.63]
 [ 887.12   206.02 ]	 [ 875.23  203.39]
[[1596.42  443.39]		 [1500.84  294.25]
 [1203.34  276.04]		 [ 980.2   199.6 ]
 [ 132.03  701.36]		 [ 600.47  252.1 ]
 [ 875.23  203.39]		 [ 850.7   234.74]
 [1253.22  478.57]		 [1012.75  320.89]]]
[[1066.83  313.05]		[[203.34   276.04]
 [ 393.22  406.05]		 [ 680.25  300.18]
 [ 850.7   234.74]		 [ 887.12  206.02]
 [ 928.98  547.36]		 [1203.34  276.04]
 [ 980.2   199.6 ]		 [1076.58  232.15]]]
[[582.68 324.34]		[[688.58 326.96]
 [455.21 279.63]		 [393.22 406.05]
 [619.71 286.01]		 [875.23 203.39]
 [600.47 252.1 ]		 [873.45 202.25]
 [680.25 300.18]		 [395.67 297.22]]]
[[1027.74  410.37]		[[ 758.81  520.95]
 [ 882.5   266.18]		 [ 758.81  520.95]
 [ 735.82  297.23]		 [ 758.81  520.95]
 [ 790.68  245.23]		 [ 724.83  236.01]
 [1126.32  254.35]		 [1203.34  276.04]]]
[[ 758.81  520.95]		[[ 791.76  475.78]
 [1012.75  320.89]		 [1337.75  228.57]
 [ 556.99  511.66]		 [ 139.75  557.7 ]
 [ 395.67  297.22]		 [ 139.75  557.7 ]
 [1417.23  245.46]		 [1066.83  313.05]]]
[[1565.19  382.61]		[[1453.93  567.64]
 [1560.89  503.92]		 [1596.42  443.39]
 [ 791.76  475.78]		 [ 750.79  393.83]
 [1076.58  232.15]		 [ 979.72  217.08]
 [1500.84  294.25]		 [1337.75  228.57]]]
[[651.1  433.61]		[[758.81 520.95]
 [369.25 640.49]		 [393.22 406.05]
 [750.79 393.83]		 [892.48 239.1 ]
 [873.45 202.25]		 [979.72 217.08]
 [724.83 236.01]		 [571.03 339.75]]]
[[ 694.53  352.85]		[[ 735.82   297.23 ]
 [1337.75  228.57]		 [ 892.48   239.1  ]
 [ 890.48  662.74]		 [ 758.81   520.95 ]
 [ 688.58  326.96]		 [ 834.552  319.877]
 [1449.5   280.56]		 [1500.84   294.25 ]]]
[[ 892.48  239.1 ]		[[1500.84  294.25]
 [1030.08  204.91]		 [1453.93  567.64]
 [1008.67  577.38]		 [1027.74  410.37]
 [ 571.03  339.75]		 [ 522.84  332.17]
 [ 979.72  217.08]		 [ 790.68  245.23]]]
