
X_test          Result

[[1453.93   567.64 ]      [[1515.97149117  506.69099048]
 [ 834.552  319.877]       [ 462.2738734   256.52992526]
 [ 139.75   557.7  ]       [ 310.95291113  607.91828317]
 [ 522.84   332.17 ]       [ 623.42889112  306.3783426 ]
 [ 887.12   206.02 ]       [ 708.99210756  166.51122188]]]
[[1596.42  443.39]        [[1159.80196061  237.01759005]
 [1203.34  276.04]         [1702.70440911  448.19382045]
 [ 132.03  701.36]         [ 699.71979131  643.04597066]
 [ 875.23  203.39]         [ 877.85605793  207.52667779]
 [1253.22  478.57]         [ 638.49392186  257.43406715]]]
[[1066.83  313.05]        [[ 743.5685825   169.22765464]
 [ 393.22  406.05]         [ 618.48759803  412.83503657]
 [ 850.7   234.74]         [1034.51655375  233.3644295 ]
 [ 928.98  547.36]         [ 839.31857351  413.56883682]
 [ 980.2   199.6 ]         [ 793.58545935  118.52871847]]]
[[582.68 324.34]          [[231.67074266 188.01113349]
 [455.21 279.63]           [917.13725563 374.02966865]
 [619.71 286.01]           [474.75920376 249.51443503]
 [600.47 252.1 ]           [235.45851189 148.26879277]
 [680.25 300.18]           [320.86042453 355.85278479]]]
[[1027.74  410.37]        [[ 701.63149298  386.75339342]
 [ 882.5   266.18]         [ 834.51195701  408.98243132]
 [ 735.82  297.23]         [ 767.47279125  398.39485575]
 [ 790.68  245.23]         [ 682.70615997  197.20441503]
 [1126.32  254.35]         [1117.34243745  260.346823  ]]]
[[ 758.81  520.95]        [[828.74468498 343.90078063]
 [1012.75  320.89]         [709.25415167 195.08615443]
 [ 556.99  511.66]         [367.25763023 593.18892734]
 [ 395.67  297.22]         [643.04515817 313.67765689]
 [1417.23  245.46]         [767.40787257 202.03979162]]]
[[1565.19  382.61]        [[1642.04283142  593.69935553]
 [1560.89  503.92]         [1087.29838981  459.46604794]
 [ 791.76  475.78]         [ 409.712184    413.7894094 ]
 [1076.58  232.15]         [1217.71162534  270.05920966]
 [1500.84  294.25]         [1413.69504297  259.59746611]]]
[[651.1  433.61]          [[ 488.40263189  176.64661759]
 [369.25 640.49]           [ 380.39523116  550.54942848]
 [750.79 393.83]           [ 790.59661358  286.29761125]
 [873.45 202.25]           [1112.77065859  302.78374038]
 [724.83 236.01]           [ 616.6442595   294.99772126]]]
[[ 694.53  352.85]        [[ 591.40675107  232.61122924]
 [1337.75  228.57]         [1316.74224974  334.68214407]
 [ 890.48  662.74]         [ 945.03230066  804.05127998]
 [ 688.58  326.96]         [ 403.75944633  281.92531755]
 [1449.5   280.56]         [1587.41995806  316.90978923]]]
[[ 892.48  239.1 ]        [[1190.56686857  222.95682981]
 [1030.08  204.91]         [ 886.98259405  157.58041379]
 [1008.67  577.38]         [ 838.68390074  389.41684791]
 [ 571.03  339.75]         [ 589.16746045  298.09775575]
 [ 979.72  217.08]         [1050.56336841  199.16309055]]]